id,predict_0,predict_1,predict_2
11066,0.9974181871043366,0.001923822351727644,0.0006579905439356573
18000,0.06152000913495935,0.031166434364003032,0.9073135565010377
16964,0.9966043873041333,0.002693425938517423,0.0007021867573491791
4795,0.874459705104931,0.11574878772113599,0.009791507173933074
3392,0.21465827415958977,0.7515821291555213,0.033759596684889086
3795,0.22861788719219678,0.7663757348467348,0.005006377961068426
2881,0.9084799085264076,0.08832619864033248,0.0031938928332598325
1903,0.07429273231479551,0.04217867527170931,0.8835285924134951
5245,0.9500146565030617,0.048234587434847,0.0017507560620913243
6726,0.9447678288815213,0.05273543034703111,0.0024967407714475195
1311,0.9237408269427979,0.07498511285546912,0.0012740602017329414
15795,0.48967425808495757,0.5095002770701725,0.0008254648448698632
4315,0.8649395036896608,0.12385104123857499,0.011209455071764145
3393,0.17411931195168667,0.07710694653971019,0.7487737415086032
6764,0.8751616628157467,0.10939140490496053,0.015446932279292743
13039,0.680454156331892,0.3188832052125745,0.0006626384555334676
12331,0.3725611223187617,0.13682603054347403,0.49061284713776415
14276,0.4112397988663187,0.4166474854138589,0.17211271571982245
14638,0.8389467717875516,0.1603207142075596,0.0007325140048887393
6573,0.9597279903883275,0.03986428095840071,0.0004077286532718175
2222,0.10156137687549106,0.05089426905251434,0.8475443540719946
8824,0.9755613560995335,0.023974484987318835,0.00046415891314764343
6360,0.6753560703337701,0.3135684409645104,0.011075488701719512
7553,0.14740515478757651,0.2048262412769825,0.6477686039354409
13760,0.2775688467945764,0.25459350031058675,0.4678376528948369
4284,0.5115587589318681,0.43224288922347615,0.05619835184465579
1356,0.900188236128809,0.059429193733081774,0.040382570138109225
3410,0.9884324086487787,0.00681967339075942,0.004747917960461893
4830,0.41369619948052744,0.5283489045249701,0.05795489599450242
8998,0.1965547561498715,0.7931469899878755,0.010298253862253004
18052,0.9929456521530619,0.006745754962235155,0.00030859288470305995
7539,0.9175857901773188,0.0816785194051566,0.0007356904175248069
9529,0.9572353480393568,0.034250571371253896,0.00851408058938926
3656,0.9356765326225754,0.05978692458489975,0.004536542792524751
14238,0.5563312853838138,0.41608283884492314,0.02758587577126308
2682,0.5116082815541834,0.4876276531170835,0.0007640653287332134
7312,0.7026502097931044,0.2730229936314655,0.02432679657543013
12971,0.9232065238609157,0.07292688321296939,0.0038665929261149897
10735,0.36028648440562455,0.6389873643103637,0.0007261512840117934
4050,0.688662397385392,0.29861897225795375,0.012718630356654286
5943,0.9619969430719805,0.037644670102382906,0.0003583868256366451
6482,0.7166932311114436,0.28130455152151823,0.002002217367038122
9746,0.1296538839982467,0.07111373734233231,0.799232378659421
13320,0.1105109575969087,0.03088872646059642,0.8586003159424949
803,0.6730003800486255,0.30988174954991404,0.017117870401460424
15437,0.9093266797398013,0.0774490399883966,0.013224280271802216
12302,0.9733434120720972,0.026149650322754018,0.0005069376051487686
12271,0.9455383758768098,0.05379719622700968,0.0006644278961805965
5341,0.9228575221202392,0.024878089956709,0.05226438792305169
4427,0.9891557877430849,0.010645764303597626,0.00019844795331741414
529,0.9088508641594903,0.051421770368920844,0.039727365471588776
2022,0.9698923939606648,0.024629375447027292,0.0054782305923078015
14625,0.968578902786832,0.031101106430481102,0.00031999078268685465
2922,0.16664930642053213,0.7668478768183407,0.06650281676112732
16330,0.14048771600405266,0.33500350804436263,0.5245087759515846
12890,0.9281037543973968,0.07098371397825294,0.0009125316243503075
2140,0.5684860514524543,0.430241844535995,0.0012721040115506127
13484,0.8182771585187574,0.17924825426288565,0.002474587218357011
12392,0.9651842029523235,0.03441253689217789,0.0004032601554986321
2322,0.3123749382879555,0.07938999992674184,0.6082350617853026
567,0.0744639291251397,0.13592622082378025,0.78960985005108
4436,0.8613798209572691,0.1370686008571013,0.0015515781856294717
12156,0.9871431357759808,0.01260173003930172,0.00025513418471739255
7508,0.7361873161030648,0.2508574491042143,0.012955234792720963
6184,0.9074086547721069,0.06805727410198154,0.024534071125911657
12213,0.967887713590903,0.007546590877554507,0.024565695531542656
6458,0.13284134920338211,0.3214890203524176,0.5456696304442004
13967,0.9096461876208191,0.08933448106540684,0.0010193313137741437
894,0.6793599449057478,0.31285115595202717,0.007788899142224986
7461,0.2650360029287064,0.43461209953491464,0.300351897536379
8949,0.8829716721965318,0.11620263066520616,0.0008256971382621064
3477,0.3224296076772616,0.6582927346180657,0.01927765770467267
2779,0.9834078362857298,0.015562444441074593,0.0010297192731955555
13551,0.6477544652801334,0.31326103136025546,0.03898450335961115
8297,0.8763703446001273,0.12057011426927568,0.0030595411305970157
5050,0.2505599208472793,0.7399574114490605,0.009482667703660172
10716,0.5663715517931149,0.43158101197834225,0.0020474362285428102
16075,0.5775105110377821,0.4066458786695842,0.015843610292633776
1366,0.5551706211635328,0.4374768035378709,0.007352575298596251
774,0.9878207000020076,0.01190673019932092,0.00027256979867139666
7406,0.5571603259788148,0.43783094117612614,0.005008732845058969
2526,0.47977066398831625,0.46827705015323184,0.0519522858584518
9649,0.8763703446001273,0.12057011426927568,0.0030595411305970157
16115,0.21156861977463698,0.6440929071963716,0.14433847302899136
14749,0.4649083905790061,0.08736630642842305,0.4477253029925708
14952,0.6292517547139926,0.11167944793594617,0.25906879735006105
4786,0.2633082177316683,0.12250679805115594,0.6141849842171757
16513,0.9340975108231488,0.06438007210518451,0.0015224170716667772
2002,0.9981526595767506,0.0013599082841234266,0.00048743213912577394
4701,0.6965301075374213,0.29308997558251715,0.010379916880061478
7742,0.5579734904037277,0.3739962767838806,0.0680302328123917
5905,0.6149986995307304,0.37305252254994836,0.01194877791932117
685,0.940334491470685,0.017231822544288032,0.04243368598502685
11857,0.8566568888294951,0.14267503408696944,0.0006680770835355162
11628,0.26726206493703863,0.23402942293303322,0.4987085121299282
15024,0.7955261911701003,0.20113751198578508,0.0033362968441146374
4168,0.9384787497128295,0.019192629765511515,0.042328620521658956
11914,0.7505239208108953,0.24255393586997276,0.006922143319131998
5293,0.9303595912724842,0.06870400462056538,0.0009364041069504548
3374,0.33263692099439135,0.6661279576232877,0.001235121382321021
13055,0.9947798314481009,0.005047405172785007,0.00017276337911416656
17759,0.3579883858271229,0.5861834214065766,0.05582819276630052
590,0.6965179026359797,0.2981894595817982,0.005292637782222213
1353,0.9611621946427976,0.03841214620592932,0.00042565915127311984
11938,0.061362426903719854,0.01967855137517486,0.9189590217211052
1018,0.16525934996607564,0.2998177502840074,0.534922899749917
14945,0.4194637333469156,0.5797262049480211,0.0008100617050633213
1001,0.90768125599581,0.08811867355452238,0.004200070449667739
3587,0.714314175699028,0.2455851161452315,0.04010070815574049
868,0.9819151634228922,0.017353349775256075,0.0007314868018517126
9296,0.1197652164845176,0.03209937691466169,0.8481354066008207
12455,0.838925462352631,0.15838669771049715,0.002687839936871922
17132,0.8427631440846712,0.1266907436705425,0.03054611224478622
10240,0.9785219083949592,0.00981013269813576,0.011667958906904913
3696,0.20607036535607628,0.12839836910537858,0.6655312655385451
10355,0.43863366137627696,0.5455157562097274,0.01585058241399553
2206,0.25117750237673964,0.7473022413546699,0.001520256268590364
14590,0.9969348888820615,0.002289435120090528,0.0007756759978480483
13191,0.8667139070539988,0.12967586826039895,0.0036102246856023743
5882,0.9621802484299767,0.037386197449044166,0.000433554120979047
12653,0.1962487239842128,0.8030727664715417,0.0006785095442455391
1491,0.18272571405530144,0.8002724368129757,0.017001849131722913
1176,0.8541671864362956,0.1353160780626936,0.010516735501010639
11246,0.2983184856850995,0.057055074631256045,0.6446264396836445
14557,0.4047382714662134,0.4604499303716851,0.13481179816210143
4772,0.12436604792293339,0.23099264136805348,0.6446413107090132
17192,0.6394537794825413,0.3598230741471182,0.0007231463703404192
10637,0.6130158025429288,0.38212427807087274,0.004859919386198557
3281,0.7914314056975686,0.20523349209791902,0.00333510220451219
3191,0.4863917546857209,0.3561091605111098,0.15749908480316926
672,0.9362178741082202,0.06339661107197865,0.000385514819801168
6301,0.8474091161519175,0.15078678687258745,0.0018040969754950203
10309,0.9641384201297487,0.03526237214313372,0.0005992077271176416
1734,0.638864317219996,0.3603268547107212,0.0008088280692828133
2990,0.11152496215716816,0.8872243366678283,0.0012507011750035385
5746,0.5769000694282469,0.4202470283962387,0.0028529021755144554
15289,0.5399542802585792,0.4568791295804597,0.0031665901609610214
2971,0.9951600461633934,0.00459432279179509,0.0002456310448116594
9771,0.4944773675940172,0.11686039976395222,0.3886622326420304
11253,0.2682051449983325,0.7149004362374252,0.016894418764242358
14576,0.20948423682953582,0.7379095196907914,0.05260624347967261
4688,0.0765104058399412,0.06929862237737286,0.854190971782686
14469,0.7496624680023046,0.23720788182054117,0.013129650177154228
9298,0.8979156566511459,0.06391988133322443,0.03816446201562958
16099,0.25879937409976256,0.7266491519688338,0.014551473931403632
17316,0.14749980705606586,0.5728129020472803,0.2796872908966538
15212,0.9980599982752092,0.0017708029077097317,0.00016919881708125743
10691,0.9782546524899959,0.005065224372647527,0.016680123137356652
3805,0.9845353485391598,0.015151786533839067,0.00031286492700133284
6418,0.34956493199077904,0.6276486633764113,0.022786404632809617
1158,0.7063017935698949,0.29283062633826484,0.0008675800918402816
7768,0.974659394745627,0.022241245603489574,0.00309935965088337
4834,0.14896946679284173,0.23763356388649007,0.6133969693206682
10914,0.32811828535630055,0.6711401329445149,0.0007415816991845924
14606,0.7072508638075782,0.2816863480365732,0.011062788155848607
3220,0.8461115287516637,0.12338436557109846,0.030504105677237832
10433,0.9360187686674307,0.06163709792412736,0.0023441334084420653
11251,0.4706754700548145,0.19497396493070013,0.33435056501448546
8084,0.40456317795510555,0.5946865346452732,0.0007502873996212873
522,0.7567726130181022,0.23985359822902408,0.0033737887528738296
17299,0.8620510890524763,0.13502958275849225,0.0029193281890314417
15587,0.923131477940227,0.03393037320291271,0.042938148856860335
1563,0.14456723414302272,0.09103203183412102,0.7644007340228562
8252,0.42148449493785206,0.5640648000971515,0.014450704964996397
17802,0.1714357349167637,0.18251670467501177,0.6460475604082245
2738,0.8579943457740353,0.1371959389570861,0.004809715268878579
9896,0.8148659019694439,0.1825275751973206,0.0026065228332356073
14609,0.9961927540175258,0.0036032038585861034,0.0002040421238878731
10463,0.994138141624242,0.005191967057634997,0.0006698913181231715
1280,0.4061254469939786,0.4912545043690856,0.1026200486369358
977,0.21248316705632575,0.5328594503791388,0.2546573825645354
979,0.6302788668510371,0.3563092405747537,0.013411892574209236
10908,0.9901548876833516,0.009320171064750127,0.0005249412518983415
12569,0.1851980933335661,0.7241932707073422,0.09060863595909185
6078,0.0642282550271454,0.01899918905249092,0.9167725559203637
18339,0.9986569643696949,0.001239718013703457,0.00010331761660156415
13799,0.28691827784952817,0.6632147004297293,0.04986702172074247
7193,0.13110868562274378,0.12729675415112013,0.7415945602261361
8243,0.6276575954230661,0.36228631459078786,0.010056089986146028
13622,0.9987389419784809,0.0011489731787895998,0.00011208484272956025
5885,0.7495296606220587,0.24920259910533799,0.0012677402726033174
5768,0.9196392448322827,0.011395541100745546,0.06896521406697172
632,0.4662969945799514,0.5154514138789792,0.01825159154106936
3314,0.9914161659393628,0.008321626262477837,0.0002622077981595562
3664,0.7693344937699947,0.22068683274187698,0.00997867348812835
18518,0.8467204611283253,0.15111960921950957,0.002159929652165101
7687,0.9966222611862978,0.0030955492635853094,0.00028218955011678103
17889,0.5161069196226871,0.4015397896906931,0.0823532906866199
12943,0.9272850970042151,0.03176964083910949,0.04094526215667528
3581,0.8483700551382468,0.1485806574854072,0.0030492873763458372
13802,0.8884639923263264,0.11064182761217689,0.0008941800614966894
17702,0.2613930716495009,0.7316680671893778,0.00693886116112129
12342,0.9983125069661486,0.0015341116098704153,0.00015338142398111873
11185,0.9903013804529573,0.009498497958601798,0.00020012158844068845
15675,0.8583532699563073,0.1392351315120073,0.0024115985316854496
6716,0.7127104288686165,0.2656914006235198,0.021598170507863747
17790,0.3457465712381679,0.6535124444577912,0.0007409843040407764
17791,0.5473218236828229,0.4379526560624843,0.014725520254692854
6145,0.783094733210628,0.215574368948826,0.001330897840546082
18237,0.19304141987686724,0.7948226369387072,0.012135943184425462
10523,0.6373214159718218,0.3330829422616671,0.029595641766511093
4356,0.38362541289743585,0.6039544984599527,0.012420088642611429
7482,0.6159242289941841,0.38318848238101266,0.0008872886248033125
5856,0.5882971641658616,0.11723879471700628,0.2944640411171321
5011,0.22762205947255437,0.0994030701245087,0.6729748704029369
15872,0.9921760840406532,0.007215647738371903,0.0006082682209749806
6609,0.41761983211995235,0.5669093248302493,0.015470843049798478
995,0.939934169869534,0.01251825391709569,0.047547576213370274
4680,0.8324117235826551,0.16517739979675625,0.0024108766205886882
18327,0.6287751695057673,0.32342763929559565,0.047797191198637005
8484,0.3966162851398189,0.6007641396597261,0.0026195752004549624
16968,0.44984140162041997,0.5190090145688978,0.031149583810682228
8305,0.9504953487551284,0.048806662763123225,0.0006979884817485511
7012,0.8086844817340644,0.1907772821243922,0.0005382361415434191
13465,0.2850880032267963,0.13521425636217344,0.5796977404110304
8375,0.9652987720835549,0.03437004411533406,0.000331183801111036
15629,0.29623880331973745,0.6945600753777891,0.009201121302473516
12296,0.9939570680598339,0.005713812440202588,0.0003291194999635803
458,0.2818279772951605,0.11818961954155326,0.5999824031632862
18124,0.08839296754621799,0.057976493951749995,0.8536305385020321
4430,0.05846515493171936,0.5374287191361561,0.4041061259321245
14443,0.3780876107085012,0.5788483544651081,0.04306403482639082
15275,0.9752623161720504,0.017078813303984187,0.007658870523965423
4470,0.26881900109909695,0.08566960189236296,0.6455113970085401
13831,0.9560512671270172,0.04336942760214046,0.0005793052708422189
7696,0.9759976359175142,0.019117539687878094,0.004884824394607711
15172,0.6848387859949768,0.08642484787634491,0.22873636612867818
16647,0.7253853869337051,0.24633253068237773,0.02828208238391705
14209,0.4399843623026597,0.5447574556586143,0.015258182038725986
18121,0.8930351690494537,0.1063722026507044,0.0005926282998420043
12144,0.3378684016318504,0.6613878220781548,0.0007437762899947453
800,0.9362178741082202,0.06339661107197865,0.000385514819801168
13200,0.14903797790971518,0.8414558188168382,0.009506203273446591
5724,0.12415455944265436,0.06669538406963155,0.8091500564877142
15722,0.7746140283643922,0.05709646316081034,0.16828950847479757
6660,0.8565214679326139,0.14296520844297406,0.0005133236244120431
8394,0.39995769163927125,0.5991806827029205,0.0008616256578082898
5554,0.5902109600896509,0.19809957480538917,0.21168946510495995
10381,0.9436541952445939,0.05480193005577016,0.0015438746996360667
15783,0.9234392615364657,0.07608103942713548,0.0004796990363987951
10907,0.5345291266927571,0.45474474688567623,0.010726126421566612
11455,0.9917837026647872,0.00790738881536778,0.0003089085198450232
5992,0.1896071263212981,0.11175627598257237,0.6986365976961295
16564,0.11964218963837785,0.03717509130765391,0.8431827190539682
7933,0.41745813162576806,0.4742165449376674,0.10832532343656451
16008,0.9608470747345615,0.03872301734540881,0.000429907920029647
7265,0.492667835237689,0.47529477203438675,0.032037392727924274
11095,0.4012913885226105,0.5979189746837233,0.0007896367936660785
2181,0.2694944635356995,0.42318051204478596,0.3073250244195147
8845,0.8375628337896851,0.14781262117416835,0.014624545036146555
13617,0.17330476099893988,0.8260180360254282,0.0006772029756318802
17228,0.9585381666550676,0.038031532452262096,0.003430300892670279
16321,0.9927923941910384,0.006914246258873856,0.00029335955008756755
14851,0.9752223134981104,0.01762674639995575,0.00715094010193385
9613,0.9541262465622152,0.045124097185497404,0.0007496562522874528
3121,0.9022396532643683,0.0930206561273864,0.004739690608245181
4840,0.9960165311552145,0.0034125058541597426,0.000570962990625728
18216,0.24152872373858153,0.752187908900975,0.00628336736044352
17113,0.3329087299969257,0.6636713845703609,0.003419885432713468
4775,0.9509829889919506,0.006847653319696795,0.04216935768835263
14105,0.9790296939529741,0.013879362352972597,0.007090943694053375
4993,0.40882331304342495,0.5822831184203272,0.008893568536248005
8901,0.8480482710851419,0.05367286416932012,0.09827886474553782
15443,0.8228108582336054,0.1749884297581433,0.002200712008251216
435,0.9560325117484592,0.043538105128940276,0.00042938312260048904
4595,0.18936013455457631,0.7868284411928265,0.023811424252597163
14503,0.6791616691014558,0.32018267051350585,0.0006556603850383876
2191,0.1454216684131929,0.8461221271832606,0.008456204403546427
2163,0.9618896552793483,0.03636108058311339,0.0017492641375384031
9987,0.9928695580114817,0.006776438490622347,0.0003540034978959478
16234,0.2039966997472154,0.14123550858976894,0.6547677916630157
3834,0.21680297096121448,0.09694574750522184,0.6862512815335637
13133,0.5650597778191525,0.4341654655167903,0.0007747566640572777
13909,0.21630705882637127,0.22975925138111528,0.5539336897925133
9952,0.557077641222796,0.43201211974297654,0.010910239034227368
3666,0.3463600436935612,0.6529384323664519,0.0007015239399867182
6072,0.9113411567613893,0.07715130750100382,0.011507535737606942
2936,0.2446731125118956,0.13844188205761518,0.6168850054304892
6497,0.8917975744578612,0.08286447434864827,0.025337951193490447
5645,0.8059074963035181,0.19053536699911852,0.003557136697363363
15476,0.5688545307987481,0.3994532525768665,0.03169221662438526
8472,0.9984282917160472,0.0013898719031167142,0.0001818363808359796
15687,0.650716096800269,0.3482030321411111,0.00108087105861996
10682,0.8872684110158703,0.1117073152842712,0.0010242736998586509
10772,0.9233295621163127,0.07622783654276195,0.00044260134092550846
8156,0.10891564269900808,0.44491773090414444,0.44616662639684757
10436,0.6445069019296124,0.15875279802886808,0.19674030004151943
16827,0.9030068994159043,0.09608125831417383,0.0009118422699217691
12299,0.08947442599235304,0.2190447930827977,0.6914807809248493
9258,0.13528834895165662,0.1726367082413393,0.692074942807004
4759,0.799260348704265,0.2000527137904942,0.000686937505240732
8989,0.6283110077783888,0.3692975659539417,0.002391426267669547
14823,0.9985673101939971,0.0012846186271578755,0.00014807117884507213
17270,0.2070193542822759,0.782438088849118,0.010542556868606123
2005,0.9167866436523658,0.08072549091561373,0.0024878654320204772
15757,0.8935302410972362,0.10556520446312702,0.000904554439636724
14476,0.29065705214768556,0.7085961411971615,0.0007468066551529558
17243,0.2698302704737003,0.525894662336821,0.20427506718947872
3908,0.8121022373145548,0.18509300641607043,0.00280475626937471
781,0.9250175127091722,0.018606527146066545,0.056375960144761275
5398,0.21848962065819255,0.3946554238808675,0.38685495546094006
2687,0.5490823964414945,0.4318994123026724,0.019018191255833244
5017,0.8838800943926541,0.06090439775687573,0.05521550785047029
140,0.671107653338327,0.3204814667572218,0.008410879904451317
14897,0.8509962161667518,0.1364694131936418,0.012534370639606355
1487,0.5930753431537015,0.34541933175238465,0.061505325093913904
18371,0.9989936930975821,0.0009032130867603925,0.0001030938156575153
10170,0.9783247100871882,0.00497071852604687,0.01670457138676504
3464,0.7969801258294863,0.1424621528799241,0.06055772129058969
1535,0.8453308080699331,0.13243085549674985,0.022238336433316987
1442,0.5303490752432923,0.46332592731517935,0.0063249974415283084
7249,0.6419672080674316,0.3344671772349904,0.023565614697578032
17510,0.36022253862468356,0.6309703962901007,0.008807065085215785
418,0.9977065862119802,0.002178291973457929,0.00011512181456194258
16274,0.12240206450108038,0.29809830171837337,0.5794996337805463
12497,0.4222300111257508,0.5613923451462621,0.01637764372798711
17309,0.9615615303501301,0.02801217698736774,0.010426292662501993
3891,0.7115865764040543,0.2818077320880938,0.006605691507852012
8437,0.9745661065690308,0.02503519577587005,0.000398697655099103
9950,0.7700245490109899,0.22664108204952607,0.003334368939483963
5316,0.8061200206427209,0.18165167160719736,0.012228307750081727
12979,0.5221715478048499,0.47702214945622806,0.0008063027389220555
14648,0.7146209131874277,0.2824276927078018,0.0029513941047705134
8194,0.9262881460202602,0.057583301511334735,0.01612855246840512
10386,0.08374791336831842,0.08305570598534016,0.8331963806463414
12749,0.17848141515789503,0.21484629373675254,0.6066722911053524
16508,0.9191830648843661,0.08033751057276423,0.0004794245428696514
16386,0.9037211089645563,0.09587727030897145,0.00040162072647217077
12933,0.7318346748957298,0.2647616886001046,0.0034036365041654033
2830,0.8511862691473371,0.14694535544036968,0.001868375412293087
11528,0.369136702222408,0.6301193090300349,0.0007439887475570707
15904,0.9593648485950514,0.04001640203828218,0.0006187493666664387
16390,0.7419527305765254,0.2522794146514251,0.005767854772049416
14036,0.9970935950377215,0.0026407265278747794,0.0002656784344036916
17215,0.9941973894510653,0.005610709856684304,0.00019190069225039164
14404,0.7560179511399578,0.24330898294422568,0.0006730659158165391
12101,0.1368220903584466,0.1857626146852298,0.6774152949563236
10812,0.21918739206169674,0.7733643192971382,0.007448288641165135
4374,0.9958208326774369,0.003855362926748312,0.00032380439581473826
9719,0.32740643070036457,0.6520175525855618,0.02057601671407361
8520,0.3448425019323476,0.611883691679443,0.043273806388209414
15621,0.6497371588039053,0.18129067333793492,0.16897216785815974
7173,0.2681275445030141,0.6761781772713366,0.0556942782256493
7544,0.5332384595470213,0.4240457847848437,0.04271575566813501
7253,0.1951064208211108,0.7271683460092917,0.07772523316959772
16731,0.7676977082016466,0.214225019707709,0.01807727209064441
17278,0.4095633280300302,0.5866252358116008,0.0038114361583690038
16327,0.5572155107141297,0.4411234013537595,0.0016610879321107387
15845,0.9887526758470822,0.010841628049373027,0.00040569610354490446
6750,0.016237817366933544,0.016753321551177286,0.9670088610818892
7674,0.9692255295153981,0.025854887963035398,0.004919582521566604
17416,0.1581103269867685,0.7946388970896514,0.04725077592357995
9050,0.5372122216001085,0.41393811032798117,0.048849668071910275
8931,0.121827310124856,0.8129660850957147,0.06520660477942936
13146,0.2920153411651981,0.29591779204435265,0.4120668667904491
11584,0.8918745482868727,0.10504005595520649,0.0030853957579207213
8322,0.9560457946765407,0.04353871003882789,0.0004154952846314105
16067,0.6536833693550013,0.3378639328809033,0.008452697764095496
11438,0.8464543383189506,0.15013712894805734,0.003408532732992035
677,0.4109121877616363,0.5862947932716249,0.0027930189667386947
7475,0.5018990716492847,0.490202128354536,0.007898799996179283
13400,0.9225309545005023,0.06503899512457578,0.01243005037492208
10255,0.9783165899991179,0.021245219565555827,0.00043819043532637237
17987,0.9380941485156209,0.06094168590892224,0.0009641655754567487
13651,0.22571746632808398,0.10921534974154197,0.665067183930374
8226,0.9863988459562304,0.013000805090685439,0.0006003489530842691
7643,0.7507148320492483,0.23806660325673612,0.011218564694015514
10318,0.02721164940087303,0.004746729128474525,0.9680416214706524
12382,0.9844379271469422,0.010874999429675168,0.004687073423382525
2912,0.04579373507675117,0.1579705088805614,0.7962357560426874
2254,0.1784189144239312,0.17935153752105568,0.6422295480550131
13110,0.9815995905896484,0.015622659394284946,0.002777750016066694
8355,0.08524508120211663,0.8616092308284675,0.05314568796941582
10753,0.9720673285609076,0.027403192238691514,0.0005294792004008277
17974,0.4375579008365826,0.15371464021185188,0.4087274589515654
7588,0.9755306194171522,0.01881579365578314,0.005653586927064549
3209,0.9839836487301354,0.006243754159563412,0.009772597110301165
16325,0.9504763054444928,0.048854300162004,0.000669394393503283
12009,0.8924180056784842,0.10466455942898269,0.002917434892533142
7141,0.2977138698565526,0.6750353989516066,0.02725073119184085
7584,0.1704880674286838,0.7274249546863641,0.10208697788495211
171,0.5909864669762354,0.40828535962039153,0.0007281734033731742
14412,0.9354137516996395,0.06113199124138474,0.003454257058975735
16111,0.6904422282571805,0.3088543243599968,0.0007034473828227805
17959,0.9590383114432426,0.04052148732558157,0.00044020123117589666
401,0.8859109820870512,0.10902977373330566,0.005059244179643071
16571,0.12251330323315117,0.8679332205338366,0.009553476233012148
3294,0.2241318248082929,0.7653960934245657,0.010472081767141365
16220,0.2854004945127555,0.19666630831083565,0.5179331971764087
2404,0.9567380240371945,0.04253271056965726,0.0007292653931481537
11002,0.7982828799232357,0.2008995686746374,0.0008175514021269145
372,0.6801528878032699,0.31072501965836274,0.009122092538367245
15477,0.9609737787640326,0.00793183960009966,0.031094381635867793
41,0.5937356392993894,0.40551781640473705,0.0007465442958734973
8671,0.984943795317735,0.014552717091440832,0.0005034875908242028
8129,0.3335832593253734,0.20419585456480419,0.46222088610982237
14683,0.9726572716103357,0.02699860410623309,0.0003441242834310406
9873,0.9912975841769314,0.008379128679586574,0.00032328714348217597
13577,0.9847562640102308,0.014969477681264848,0.0002742583085043145
16132,0.9935577904181626,0.0060922423377078585,0.0003499672441294279
10100,0.9632443924440605,0.03547535014501289,0.0012802574109266054
5629,0.6124924914148097,0.3609164404549212,0.026591068130269107
16618,0.3524447258754772,0.6423459616138167,0.005209312510706124
16876,0.09401953079634966,0.44230158089742433,0.46367888830622606
16036,0.9992754647301864,0.0006074447323028944,0.00011709053751066771
9322,0.11453571826339627,0.09231934685627537,0.7931449348803283
8549,0.9827144192035246,0.01658270209732049,0.0007028786991548844
18132,0.9708037405489651,0.028935467583823555,0.00026079186721134003
13487,0.46381397913598577,0.5187164035066492,0.017469617357365203
6904,0.7065906767654542,0.28398464932299927,0.00942467391154656
2799,0.2656908684098361,0.7240876107455377,0.010221520844626233
9694,0.24178893679310431,0.2187280682103351,0.5394829949965606
4417,0.61860319041813,0.37779030794781604,0.003606501634054106
1494,0.9379988644446017,0.019974785302571095,0.04202635025282728
13929,0.2822216623575343,0.6534553384002867,0.06432299924217882
6530,0.527272439168134,0.4700393095596571,0.0026882512722087577
2483,0.8468151235915852,0.1329539833462924,0.020230893062122557
3301,0.5058483842426951,0.49294639128839385,0.0012052244689110979
11323,0.9691666621224072,0.0302580927014121,0.0005752451761807531
1237,0.5461275690256976,0.43297912121814197,0.020893309756160452
1747,0.740154666513886,0.254464136947661,0.005381196538453018
2655,0.8422176498479201,0.14495344981984296,0.01282890033223688
16310,0.40493862894016686,0.5494627284494507,0.045598642610382566
4173,0.8284629674804069,0.17028939080702563,0.0012476417125674372
17613,0.750362687757919,0.24855493272598597,0.0010823795160950149
18062,0.9955274071381923,0.004152312459253528,0.000320280402554118
4109,0.2825027926663366,0.7167840707875986,0.0007131365460646969
15881,0.9729800215643079,0.026458364693018172,0.0005616137426740824
17020,0.9814461975519666,0.018113393890692164,0.00044040855734129273
7642,0.8941087558313743,0.069106005889014,0.03678523827961178
9464,0.9265848664672356,0.070528125008318,0.0028870085244462706
22,0.925236225160948,0.07427000745472072,0.0004937673843313503
16394,0.6947848128673104,0.3024028771876636,0.0028123099450260113
12854,0.6518463403964578,0.23107045023396997,0.11708320936957224
5073,0.7155209205179937,0.2711014261502429,0.01337765333176336
2069,0.9476838160164771,0.04737084433317958,0.004945339650343356
8545,0.8890465134026475,0.10970788177415698,0.0012456048231954983
10775,0.4758160614206658,0.5094034817733822,0.014780456805951888
9744,0.7409728526791789,0.2580504692561667,0.000976678064654441
17138,0.8731054942423702,0.03674203284766086,0.09015247290996913
16619,0.9928597785659129,0.006861206133195453,0.000279015300891498
195,0.8419490080141508,0.15429792613434767,0.0037530658515014755
10258,0.41647604897585444,0.560864561543878,0.022659389480267543
4347,0.8140284940286902,0.18029366624533147,0.0056778397259784575
17587,0.8123855098010988,0.16231905689960743,0.02529543329929361
3019,0.15852704115241723,0.7237692581338878,0.11770370071369497
18552,0.9941982835159223,0.005475990264480062,0.0003257262195977049
13223,0.6475538622578929,0.3484248252145084,0.004021312527598676
7856,0.973679330430235,0.02596878028779681,0.0003518892819681589
9830,0.3420694032161177,0.6571736426515795,0.0007569541323028187
10965,0.6366200606383505,0.36265050694639744,0.0007294324152521018
4677,0.01459264862312904,0.2076961837556384,0.7777111676212326
12176,0.27712557886437406,0.5715179161343058,0.15135650500132009
15210,0.2907673616618408,0.7015739869479948,0.0076586513901643625
3764,0.9282859585939315,0.07097682643688759,0.0007372149691808713
16846,0.43498631959978357,0.5475037676532791,0.017509912746937247
771,0.46631904302063554,0.19691357686551883,0.33676738011384555
13019,0.04945345688288846,0.0442704557984455,0.9062760873186659
252,0.4388619809828879,0.5231893194109011,0.037948699606210994
11064,0.4573874796457062,0.5418510922793416,0.0007614280749521075
18221,0.9449721121878921,0.053443344703159576,0.0015845431089481824
11502,0.8503563572562614,0.14535688151368686,0.004286761230051719
14392,0.6422906516880941,0.3569557486241888,0.0007535996877171495
9541,0.7896763012978372,0.09264514714717388,0.11767855155498891
3206,0.9398996993752867,0.05185495138580175,0.00824534923891148
1994,0.2853728217401842,0.10986941855536957,0.6047577597044463
17294,0.3144030582088639,0.6714482094453509,0.01414873234578512
344,0.9974523153537209,0.002420916972594322,0.00012676767368471586
15404,0.9699951057364236,0.02957298518912853,0.0004319090744478098
521,0.8049118867268256,0.19414770072125995,0.0009404125519145911
876,0.9980924119555851,0.0017717746064157022,0.00013581343799926566
7671,0.3010383413099352,0.6974427524188814,0.0015189062711834776
3351,0.9967159778238018,0.003060631359885732,0.00022339081631227994
11771,0.98617784360795,0.013378782145302127,0.00044337424674802817
1511,0.03452386153417574,0.02350515611671518,0.941970982349109
9265,0.4528318615143035,0.544460354076112,0.0027077844095844705
7982,0.9572911524735406,0.042262210702847476,0.0004466368236119647
14175,0.8388399775218522,0.14524007073590559,0.015919951742242065
10039,0.9268106561090599,0.06804610540515602,0.005143238485784023
14091,0.3364641357487887,0.6372383303813508,0.026297533869860466
16518,0.9960293082756683,0.003740833549878804,0.00022985817445313176
10022,0.9531464221507456,0.04261816831981373,0.0042354095294405035
11564,0.8157698244196335,0.09457011034470118,0.08966006523566543
7125,0.7480799683416199,0.24703664239552242,0.004883389262857775
13985,0.49200629365458937,0.5071712975628874,0.0008224087825232758
16442,0.29846658946121846,0.7006044728053441,0.0009289377334375181
8894,0.8456688900749461,0.1531667035553366,0.001164406369717344
12070,0.8036902195573625,0.18122388365164882,0.015085896790988615
5222,0.5671859798067097,0.4320064339036674,0.0008075862896228604
5035,0.057416491570318424,0.901635447000228,0.040948061429453425
11720,0.9783274644117153,0.021397985478048633,0.00027455011023616024
2902,0.4710504066843346,0.4729416225312008,0.05600797078446448
16663,0.9328144831082962,0.06318479542228822,0.004000721469415591
5322,0.26384039879734195,0.6545596016040613,0.08159999959859665
18013,0.37622048865749413,0.4038113320339615,0.21996817930854434
7204,0.9856741745690565,0.014083238836117642,0.00024258659482582064
5241,0.62136994731948,0.03559488696407123,0.34303516571644876
10289,0.7670942057169889,0.22724817658233445,0.005657617700676529
2841,0.9683895635614457,0.024198441514263102,0.007411994924291097
799,0.7415433926953267,0.25773582917009824,0.0007207781345752388
1913,0.04195876192353377,0.0406547630401223,0.917386475036344
4910,0.7950723993583015,0.18846138347293778,0.016466217168760736
451,0.7216948025922961,0.2712106289877229,0.007094568419980989
10840,0.4710504066843346,0.4729416225312008,0.05600797078446448
15308,0.18648723907167652,0.5748818391808761,0.23863092174744746
10669,0.10541649061751684,0.37922405985445273,0.5153594495280305
9628,0.9542475405871743,0.04537083779391449,0.0003816216189111479
1010,0.4094390894495242,0.5860633668486341,0.004497543701841667
11501,0.6020294144424824,0.16986295478783545,0.22810763076968218
12727,0.43390483651039835,0.5649706245039139,0.001124538985687696
13407,0.9980255730208625,0.0017726510498510342,0.0002017759292864905
11481,0.7326281251745053,0.2650069942699086,0.0023648805555860574
7183,0.4763656610493936,0.2896010398858666,0.23403329906473977
1066,0.9334764055034084,0.0658511980080326,0.00067239648855892
4010,0.9937583708349942,0.005285723033788683,0.0009559061312171058
13436,0.9729133111711461,0.022538048528427484,0.004548640300426455
13848,0.9966420106771331,0.003060404227810264,0.0002975850950564783
15025,0.41019509221409034,0.567107116276201,0.022697791509708597
3313,0.27976503340737113,0.7120002493428997,0.008234717249729136
13580,0.957998498582037,0.04135711744419667,0.0006443839737662694
14183,0.9331618375268015,0.06441303107346098,0.0024251313997375825
11433,0.880449217720144,0.11834926214208806,0.0012015201377680717
9442,0.7309898941748167,0.26175727579564584,0.0072528300295373205
15,0.9157975427252768,0.08321347537865048,0.0009889818960727567
10817,0.9876448971114803,0.012058008345112444,0.0002970945434071601
330,0.6242290386223148,0.37507930020822905,0.0006916611694560708
17999,0.9785567974298488,0.021137225442500115,0.0003059771276509124
6883,0.6407649422507556,0.35096249382505185,0.008272563924192419
7946,0.14076217699942956,0.8555285194089762,0.003709303591594062
2122,0.734217686678491,0.26509721196743835,0.0006851013540705998
16053,0.9954648862080898,0.004260433007603269,0.00027468078430689343
889,0.9994334661784225,0.0004824304448761533,8.410337670115724e-05
3521,0.7011480494951166,0.2926603149992972,0.006191635505586341
18229,0.15659339350102625,0.03109159844918352,0.8123150080497902
11922,0.9532526472151188,0.04629515907061853,0.00045219371426255794
2870,0.9920967438543283,0.007724576905383113,0.00017867924028834565
4093,0.15799226906350405,0.4935811644550307,0.3484265664814651
283,0.21175710958063274,0.5433447448030411,0.24489814561632614
10344,0.413954135487283,0.5838745585145989,0.0021713059981180722
531,0.9992786809315299,0.0006276758927440957,9.364317572602927e-05
2710,0.3371592830661312,0.6620795124143256,0.0007612045195432187
8826,0.29936642983096534,0.6872835800631835,0.013349990105851176
10484,0.9426400216235387,0.056583315367771926,0.0007766630086893966
12881,0.12326039448866985,0.013591804557629903,0.8631478009537003
5013,0.42720771125697715,0.5639045457738888,0.008887742969134037
1189,0.6972344153436718,0.27497136430339064,0.02779422035293753
7899,0.5619385118188319,0.4372204978477449,0.0008409903334231836
12413,0.9354137516996395,0.06113199124138474,0.003454257058975735
11046,0.4586928425873582,0.5204635140702318,0.020843643342410085
5834,0.6736186773552549,0.32072192243920744,0.005659400205537571
14782,0.7708431371486367,0.22642477194278804,0.0027320909085752827
9994,0.5943551650335838,0.4016376976780125,0.004007137288403693
147,0.07406245623292304,0.11048356512785737,0.8154539786392195
2152,0.9974332636181331,0.0017607225695470904,0.000806013812319775
3478,0.17132324819083494,0.34416697873289853,0.4845097730762666
8873,0.8672031153155999,0.11259861251895663,0.020198272165443367
5577,0.0696195866685707,0.19316536879399285,0.7372150445374365
12729,0.7706658883832403,0.21741344534462678,0.01192066627213272
11488,0.4680366184259931,0.5293853783741809,0.0025780031998260695
17901,0.8087198925390939,0.1888519782394182,0.0024281292214879146
650,0.4686977405825106,0.4814215638456113,0.049880695571878214
3127,0.9617444188935446,0.03763781061774637,0.0006177704887091189
3761,0.23816874550846803,0.6751665583363312,0.08666469615520069
16587,0.01568439694237228,0.007503137501389348,0.9768124655562385
11773,0.33860351814261175,0.23772392282230514,0.4236725590350831
11000,0.8929920508819009,0.10613140955973008,0.000876539558368886
10785,0.9315492796464137,0.06225840728607755,0.006192313067508825
2280,0.1516560678617793,0.43594946013315955,0.4123944720050613
13306,0.8985481936906468,0.0982860584572878,0.0031657478520654724
14185,0.9730831674760628,0.026577012064117247,0.00033982045981995697
18326,0.3796124813977748,0.5834757745051735,0.03691174409705162
2544,0.9910111773112495,0.00876221675293575,0.0002266059358146652
6979,0.5306780112139121,0.4652639777967931,0.004058010989294719
50,0.44605179037919607,0.42211526261345644,0.1318329470073474
11525,0.7613694353733654,0.19606176964831615,0.04256879497831854
13479,0.45463654471340437,0.08662648324659437,0.4587369720400013
8865,0.31947529371341715,0.6496442044316445,0.03088050185493829
14822,0.4665501672847552,0.49948495728672976,0.033964875428515014
9763,0.9635154532608579,0.0358757305827463,0.0006088161563957701
2129,0.12486774839030497,0.8746284567495891,0.0005037948601057849
13332,0.9073031834207069,0.08004462098411219,0.012652195595180932
7082,0.9896032423337696,0.01019251492629361,0.00020424273993664525
7783,0.5749588774920444,0.3925019061853645,0.03253921632259096
7202,0.9663997045495826,0.03299221931127127,0.0006080761391463209
18223,0.6049071418794442,0.3918409070831899,0.003251951037365921
6631,0.8348605983686641,0.08698586044287145,0.07815354118846438
14666,0.9661978839233921,0.03350042335977238,0.0003016927168354709
4432,0.9973468642824446,0.0014389100594819756,0.0012142256580734494
6566,0.9576328814797005,0.03952139368611339,0.002845724834186102
11828,0.4702651292788005,0.13778510072449723,0.3919497699967024
3485,0.5956668219978082,0.3957261557738295,0.008607022228362324
17499,0.9891936531987855,0.010059879220614151,0.0007464675806003035
5855,0.08672726455878796,0.8803410512533983,0.032931684187813635
15165,0.9993195774282088,0.0005915320891789259,8.889048261218013e-05
4574,0.7705163694165372,0.2210346995870874,0.008448930996375434
9316,0.487694487441269,0.41462618990634825,0.09767932265238291
17011,0.9926049517521235,0.006818940819230775,0.0005761074286459182
12002,0.516655877295047,0.4679820787009768,0.015362044003976123
17674,0.9480814982586576,0.05026619668103498,0.0016523050603072969
232,0.958365813443032,0.04103604635862912,0.0005981401983388632
5584,0.4301070069808293,0.5691374985960884,0.000755494423082242
18310,0.7151529397595507,0.28338115892855376,0.0014659013118954046
5677,0.04626680620827871,0.026563162650388057,0.9271700311413333
18145,0.998093678759976,0.0017481205016490772,0.00015820073837493655
3086,0.5063621481738185,0.4928105588359216,0.0008272929902598548
15184,0.4951602638951374,0.10028562643700936,0.4045541096678532
16348,0.977737366409422,0.021913049909012543,0.00034958368156534284
17675,0.9919630015192148,0.007717703012805944,0.00031929546797939963
3074,0.9509686065926594,0.048363365096391185,0.0006680283109495447
3355,0.9522069881026699,0.009504976067443835,0.03828803582988637
9764,0.5765688084714193,0.4090319858633188,0.014399205665261882
